id,Status_C,Status_CL,Status_D
7905,0.45277797757827565,0.03655014010555736,0.510671882316167
7906,0.6392920045519367,0.12221785646485722,0.23849013898320617
7907,0.0504792602187456,0.011564345720974494,0.93795639406028
7908,0.8987212381768566,0.008059019548033246,0.0932197422751101
7909,0.6739371452797038,0.033567260369358656,0.29249559435093747
7910,0.9847885616631085,0.0028152412757452986,0.012396197061146252
7911,0.9704899077436561,0.0041713179124605055,0.025338774343883326
7912,0.16410845708995117,0.01586995535680539,0.8200215875532435
7913,0.02169367877850157,0.0033631796195630922,0.9749431416019354
7914,0.3986354742657762,0.011727082445764295,0.5896374432884595
7915,0.586655394245657,0.02300881693809022,0.3903357888162528
7916,0.6858178715069186,0.007936605220654364,0.30624552327242704
7917,0.5260124818915428,0.2056343314291651,0.26835318667929214
7918,0.8946037131708623,0.01802660086143203,0.0873696859677058
7919,0.3410798286566638,0.08331410891075244,0.5756060624325838
7920,0.9444728041062368,0.0069369811289211845,0.04859021476484191
7921,0.85079701416975,0.016429361893166766,0.13277362393708322
7922,0.03400109418801212,0.011487412917168146,0.9545114928948198
7923,0.8840922321230378,0.0058204855014492,0.11008728237551302
7924,0.5272123391767608,0.1312652695878701,0.34152239123536904
7925,0.016176981565662902,0.0033517340510665944,0.9804712843832705
7926,0.8078641053906664,0.0064109544369248634,0.18572494017240865
7927,0.6622902105866935,0.10712014145565056,0.23058964795765602
7928,0.06297342170236686,0.010593701693629722,0.9264328766040033
7929,0.926659032490429,0.018001850616136354,0.055339116893434535
7930,0.16488061308802512,0.24274612573147913,0.5923732611804957
7931,0.878504107989497,0.008538261798423544,0.11295763021207948
7932,0.1430244316260401,0.02382668203429877,0.8331488863396611
7933,0.6117588802641114,0.024407100631891235,0.3638340191039974
7934,0.949149388109856,0.003976821062024638,0.04687379082811917
7935,0.8940758075661489,0.005291045731941996,0.10063314670190918
7936,0.8741916110203957,0.019787695323998336,0.10602069365560586
7937,0.3000394885079941,0.016620586123002507,0.6833399253690035
7938,0.9192082001656132,0.007736192429468532,0.07305560740491816
7939,0.2778974763644229,0.05564309964663476,0.6664594239889424
7940,0.6391088242599371,0.11537819190810272,0.2455129838319601
7941,0.09191801615898808,0.03325297861172745,0.8748290052292844
7942,0.8334420369284146,0.019477894148451438,0.147080068923134
7943,0.023858582964567415,0.010025367866919953,0.9661160491685127
7944,0.9368318716064272,0.00323062282768194,0.05993750556589084
7945,0.9483303370172745,0.006451602039170757,0.04521806094355467
7946,0.8620604226577512,0.018222987406636994,0.11971658993561185
7947,0.8045971199275415,0.00938577507512004,0.18601710499733837
7948,0.1590101961971058,0.020381799083996753,0.8206080047188975
7949,0.08794511717514308,0.059974551765545996,0.8520803310593108
7950,0.9322635713219873,0.005201468161820786,0.06253496051619173
7951,0.24528473965738662,0.1450956763229397,0.6096195840196736
7952,0.2840997930553099,0.04732494931908977,0.6685752576256004
7953,0.012028466734197982,0.0023722148726438744,0.9855993183931582
7954,0.9100026832526726,0.01034799612669357,0.07964932062063385
7955,0.13387025910899664,0.011570464016590055,0.8545592768744134
7956,0.02234813945562984,0.021731529381716415,0.9559203311626537
7957,0.8469414428477834,0.01908217745652334,0.13397637969569326
7958,0.03414369153506476,0.004936794403381226,0.960919514061554
7959,0.35921303513911945,0.04239748474060639,0.5983894801202742
7960,0.15433098161660977,0.01694583072699512,0.8287231876563951
7961,0.7987838532385687,0.014458412903188094,0.1867577338582432
7962,0.186940093173693,0.005200441283102958,0.8078594655432041
7963,0.2227528121388099,0.045963670358090646,0.7312835175030994
7964,0.01174958023471447,0.009013669525087272,0.9792367502401983
7965,0.9544620619232284,0.013850569626140731,0.03168736845063087
7966,0.5783106927052193,0.017916247834764483,0.4037730594600163
7967,0.7962006742949341,0.027210023834697443,0.17658930187036848
7968,0.8887692924078519,0.00531982794108371,0.1059108796510645
7969,0.30154989557794587,0.03263957497532583,0.6658105294467282
7970,0.8935961579988098,0.0023576706221366925,0.10404617137905355
7971,0.9319211708665539,0.003494833929074374,0.06458399520437173
7972,0.3962141803476304,0.21351435043732894,0.39027146921504074
7973,0.9315094058846327,0.015226033722834202,0.05326456039253332
7974,0.162655503321738,0.05749759827697669,0.7798468984012853
7975,0.9191980744549507,0.009538734701783102,0.0712631908432662
7976,0.6293540583575169,0.009324516360035763,0.36132142528244726
7977,0.9341050426476156,0.009612562362350759,0.056282394990033416
7978,0.027311597245866154,0.006894370086116215,0.9657940326680176
7979,0.462171568408711,0.032418857141896226,0.5054095744493928
7980,0.9628236197013595,0.0030475619967966347,0.034128818301843916
7981,0.8264692872915557,0.03716702469204122,0.13636368801640297
7982,0.6710798002886341,0.013706887209166114,0.31521331250219975
7983,0.8010382065617321,0.05119252581904625,0.14776926761922177
7984,0.1009217688409554,0.06583026731934673,0.8332479638396979
7985,0.3784585113269204,0.012910702479639666,0.60863078619344
7986,0.11932905867932889,0.09426911201534749,0.7864018293053235
7987,0.7064400099757331,0.023487724706785413,0.27007226531748146
7988,0.7849704707722931,0.04655178813086601,0.16847774109684086
7989,0.940849100052165,0.009939291974052307,0.049211607973782705
7990,0.3291317159777563,0.011769209232545756,0.6590990747896979
7991,0.04912186044838829,0.02308218315453092,0.9277959563970809
7992,0.9461536276435856,0.007927674105974437,0.04591869825043998
7993,0.7006628552193106,0.014052664539992736,0.28528448024069675
7994,0.9473606056422483,0.007276110569512989,0.045363283788238694
7995,0.6910309488605796,0.015876384295738385,0.29309266684368207
7996,0.044714608069209315,0.012003137183436957,0.9432822547473538
7997,0.7920901084057154,0.017994625692829776,0.18991526590145483
7998,0.005199860630286926,0.0022830769571505613,0.9925170624125625
7999,0.0015730267310386974,0.0015568746157568546,0.9968700986532044
8000,0.7787523374718982,0.0374001746662978,0.18384748786180397
8001,0.8625972574847809,0.010223026229365044,0.12717971628585412
8002,0.46512651814841954,0.1182886223730048,0.4165848594785757
8003,0.6555467533148407,0.10699398928586698,0.23745925739929225
8004,0.3533951893350909,0.04213446796293673,0.6044703427019723
8005,0.6098072790572472,0.012707938708664398,0.3774847822340885
8006,0.8824011114771866,0.024047114502726872,0.09355177402008666
8007,0.8399797875099205,0.017289966415063612,0.14273024607501583
8008,0.9713327672189053,0.005489299747883585,0.023177933033211272
8009,0.8311573588412886,0.010349914514247502,0.15849272664446404
8010,0.9184420252918012,0.014516638155326004,0.06704133655287295
8011,0.7871845823055665,0.011468286579885127,0.20134713111454822
8012,0.7337514153109179,0.012218393480050596,0.2540301912090314
8013,0.14252922258322148,0.019804684738590997,0.8376660926781876
8014,0.9082609754796567,0.034749059478120896,0.05698996504222241
8015,0.9099749135653316,0.004566097031929213,0.08545898940273924
8016,0.9774440181193346,0.003932566660230041,0.018623415220435372
8017,0.643654161304497,0.005130557767511315,0.3512152809279916
8018,0.7575162024382633,0.018592331078485562,0.22389146648325112
8019,0.909518998614501,0.017340290433776575,0.07314071095172235
8020,0.4236601290402003,0.05209747521825592,0.5242423957415439
8021,0.05634210490212879,0.007335435977492415,0.9363224591203789
8022,0.10286694229805012,0.02442205923935953,0.8727109984625904
8023,0.579935159853985,0.15306968486994676,0.2669951552760682
8024,0.9472639735408072,0.0021927050915703334,0.050543321367622525
8025,0.11408824992648521,0.015422406871137282,0.8704893432023775
8026,0.9500961915565548,0.007921671109768661,0.041982137333676506
8027,0.9583704519576228,0.00714006145076146,0.03448948659161575
8028,0.03610013679894799,0.012373329707108256,0.9515265334939438
8029,0.11009914069363871,0.03191552774394434,0.8579853315624169
8030,0.9600292751627953,0.005306603002901312,0.03466412183430333
8031,0.7718441586196284,0.054882606937751204,0.17327323444262047
8032,0.937109948964252,0.0032567403437035567,0.05963331069204428
8033,0.14242827283783507,0.03976212726064668,0.8178095999015182
8034,0.4568337019093533,0.031003973655234583,0.5121623244354121
8035,0.9383556154998399,0.005136800792553882,0.0565075837076061
8036,0.7820502314288801,0.15205943137651134,0.0658903371946086
8037,0.2961697932321814,0.050722737496310656,0.653107469271508
8038,0.6931845131116655,0.05988548988340254,0.24692999700493196
8039,0.06884433712264419,0.05714121754995632,0.8740144453273995
8040,0.40171781297025794,0.07925814498566083,0.5190240420440811
8041,0.25259747461636517,0.010608547530858669,0.7367939778527762
8042,0.07240516182717233,0.012725700649227298,0.9148691375236004
8043,0.9248327987667385,0.005735385699002277,0.06943181553425917
8044,0.027410686092411464,0.009199917944918722,0.9633893959626699
8045,0.17859693252347922,0.07285801391088045,0.7485450535656403
8046,0.9278760860936496,0.002967437316454031,0.0691564765898964
8047,0.8552116046406617,0.015569466741553262,0.12921892861778506
8048,0.908743048071079,0.011042093620790717,0.08021485830813029
8049,0.6158293987049829,0.1593995397665347,0.2247710615284825
8050,0.3474501196921771,0.014398046454796115,0.6381518338530269
8051,0.10546581524736734,0.04662396549709509,0.8479102192555376
8052,0.9843476313750329,0.0030515479022141584,0.012600820722753044
8053,0.04675653887359652,0.01987093384689846,0.9333725272795049
8054,0.7686774453085684,0.028912481379550686,0.2024100733118808
8055,0.20596470494413507,0.03510179960042178,0.7589334954554432
8056,0.8870391370020744,0.047723189499776025,0.06523767349814942
8057,0.9100170941534398,0.006908181220581564,0.08307472462597862
8058,0.83184336321094,0.042322302289981795,0.12583433449907816
8059,0.763748034857933,0.026632421782580306,0.20961954335948674
8060,0.10683685005218828,0.09693059956362624,0.7962325503841855
8061,0.11118527496370882,0.03935086161363852,0.8494638634226526
8062,0.18434567016387554,0.03559733160119731,0.7800569982349272
8063,0.8967513649870392,0.01239805607285048,0.09085057894011023
8064,0.01004140872182104,0.007503817570858467,0.9824547737073205
8065,0.881475643274894,0.02437382791584584,0.0941505288092601
8066,0.9646723748625928,0.007825244366707413,0.02750238077069967
8067,0.08345835020609378,0.026372780687509312,0.8901688691063968
8068,0.6657324416039566,0.04850448050848027,0.28576307788756317
8069,0.7928086380913932,0.052949016521359846,0.15424234538724693
8070,0.9262136079460408,0.004918465413206809,0.0688679266407524
8071,0.8967534756855624,0.010509464904125741,0.09273705941031168
8072,0.8797095099209399,0.009985903444167945,0.11030458663489226
8073,0.9661618592978873,0.005475277485813726,0.028362863216299113
8074,0.8078904512457772,0.027787948282161527,0.16432160047206137
8075,0.8228011340929993,0.017318196052614348,0.15988066985438623
8076,0.9294345042171299,0.013849505633789177,0.056715990149081096
8077,0.05483305772132894,0.08924273866957064,0.8559242036091005
8078,0.15277301480871622,0.04515583164885977,0.802071153542424
8079,0.9365776598578102,0.006721056812024017,0.05670128333016583
8080,0.7897602670616101,0.012873113541521776,0.1973666193968681
8081,0.8710256436902358,0.012261388716962088,0.11671296759280209
8082,0.7955237818463251,0.029048783286068414,0.17542743486760634
8083,0.15810478202404418,0.04048387960183651,0.8014113383741194
8084,0.047613739731152564,0.005820795962844496,0.946565464306003
8085,0.9210717290944308,0.0119404646420316,0.06698780626353763
8086,0.00337340781766647,0.001786107032773748,0.9948404851495597
8087,0.5908286006964927,0.024252036526511856,0.3849193627769954
8088,0.3349449082307404,0.015873947117519625,0.64918114465174
8089,0.16495991174027974,0.011415275916823515,0.8236248123428968
8090,0.017676937410342642,0.005857821209990689,0.9764652413796667
8091,0.901895996238398,0.008308624075125575,0.08979537968647637
8092,0.006600842002738361,0.0026490936892009844,0.9907500643080607
8093,0.892992519329156,0.030429296574161227,0.07657818409668266
8094,0.15045513664131252,0.1225456236642539,0.7269992396944337
8095,0.6459182514934579,0.1696968287720037,0.1843849197345383
8096,0.47037517120259364,0.02094687674465971,0.5086779520527467
8097,0.2033864170764161,0.024203715106863425,0.7724098678167205
8098,0.8255930671014106,0.046194388729632024,0.12821254416895725
8099,0.586167378291401,0.023067880874391877,0.3907647408342072
8100,0.0656114098589007,0.006554659744785083,0.9278339303963143
8101,0.3846004563695736,0.04303661934960273,0.5723629242808237
8102,0.7974956981621103,0.028098639209205238,0.17440566262868434
8103,0.3466479448830257,0.09617466182751455,0.5571773932894598
8104,0.42038328086729604,0.07795461195211069,0.5016621071805933
8105,0.03477657188421771,0.0030330980490215816,0.9621903300667607
8106,0.9447143307631407,0.005947882757930978,0.049337786478928204
8107,0.017631163511654082,0.012728174210569114,0.9696406622777768
8108,0.8933824176360935,0.02273687171093391,0.0838807106529727
8109,0.7705815999873391,0.007131592612055854,0.222286807400605
8110,0.9621875743152871,0.016002765175447506,0.021809660509265347
8111,0.5611663993147287,0.24353236259715808,0.19530123808811325
8112,0.5529092328917253,0.017065059197352676,0.4300257079109221
8113,0.005855296856982267,0.006381962779163555,0.9877627403638541
8114,0.06377357879357598,0.017646924208365604,0.9185794969980584
8115,0.924160863779058,0.007508168248230907,0.0683309679727111
8116,0.7682398883094587,0.03306404832640451,0.19869606336413684
8117,0.1465482833623723,0.015313765972526087,0.8381379506651017
8118,0.4756742284744251,0.10956355338089202,0.41476221814468295
8119,0.6771821402663466,0.04087411103996659,0.2819437486936867
8120,0.9389487524601101,0.011435288973342336,0.049615958566547554
8121,0.15482331006253225,0.07905630086406319,0.7661203890734045
8122,0.9652085673685542,0.0038167391256523665,0.030974693505793634
8123,0.9653249896340431,0.002767119477235423,0.03190789088872149
8124,0.27134942460963246,0.06748311198784647,0.661167463402521
8125,0.7297683225555152,0.01205789144322362,0.2581737860012611
8126,0.9264940465408538,0.015693376382662085,0.05781257707648411
8127,0.14264984685630586,0.022860698294476633,0.8344894548492175
8128,0.500488295195416,0.0868587400784087,0.4126529647261753
8129,0.9596514985238358,0.016826057004732713,0.023522444471431495
8130,0.6161854371445086,0.032364111180300935,0.35145045167519057
8131,0.029993407867634318,0.014111349585485187,0.9558952425468805
8132,0.6573756177352678,0.1260323595729412,0.21659202269179087
8133,0.9366900779369323,0.024211463127389372,0.03909845893567835
8134,0.8159968224509139,0.06259417147545226,0.12140900607363384
8135,0.0170650027958265,0.003047082504305069,0.9798879146998685
8136,0.040451143075414676,0.0059106738633902395,0.9536381830611951
8137,0.1868101534456974,0.010100133253512453,0.80308971330079
8138,0.0781473647170135,0.014997882152528237,0.9068547531304584
8139,0.09248506235050209,0.014187037481851471,0.8933279001676464
8140,0.9009726213346974,0.013604359641078215,0.08542301902422435
8141,0.9529138501499994,0.004665821216598943,0.042420328633401665
8142,0.925388438759169,0.03137586782025856,0.0432356934205723
8143,0.9335571244407539,0.035601906229428326,0.0308409693298177
8144,0.10920259809946341,0.07539002823304032,0.8154073736674964
8145,0.8904763980451732,0.008538116077413635,0.1009854858774133
8146,0.9391600273759769,0.004255010916694059,0.05658496170732895
8147,0.5058185760592943,0.028531580571480343,0.4656498433692254
8148,0.8964461122763846,0.006570779611127816,0.0969831081124877
8149,0.9362664399418438,0.009072548993302867,0.054661011064853535
8150,0.9184713883622273,0.010733194222958351,0.07079541741481443
8151,0.1735070729701112,0.016902003599012574,0.8095909234308762
8152,0.9114829051157405,0.008606667890825146,0.0799104269934344
8153,0.6894568304709255,0.01814333701151516,0.29239983251755924
8154,0.9534186824583145,0.011960582842837405,0.03462073469884801
8155,0.09010434187078198,0.01124617388159711,0.8986494842476208
8156,0.9648525732146357,0.005630798692994222,0.029516628092370194
8157,0.8331899650780832,0.023989798782157307,0.14282023613975947
8158,0.9224819329964635,0.01647014320837172,0.06104792379516476
8159,0.4415861739216545,0.0942073481214812,0.4642064779568642
8160,0.5870368152121075,0.035647521944136014,0.3773156628437565
8161,0.6921034828626675,0.033749445280625616,0.27414707185670684
8162,0.23510368562704703,0.19831902266197451,0.5665772917109784
8163,0.20004091695533427,0.02877512499240663,0.7711839580522591
8164,0.7236247312460043,0.08646461486106147,0.18991065389293413
8165,0.05489216678128896,0.005776281688180032,0.9393315515305309
8166,0.549472675683242,0.01464779709121393,0.435879527225544
8167,0.5359990909760662,0.054618847183899956,0.40938206184003373
8168,0.4920228533022804,0.014293742959573617,0.49368340373814606
8169,0.7497390407111344,0.009814359692092992,0.2404465995967726
8170,0.5520211011768845,0.04425902010392417,0.4037198787191913
8171,0.01520759288580341,0.0024252921178231713,0.9823671149963734
8172,0.022644468321763898,0.02795616009449324,0.949399371583743
8173,0.7670957746985271,0.013770808230195507,0.21913341707127737
8174,0.9700539723306875,0.0020904235248900564,0.027855604144422456
8175,0.8734468293348528,0.018567743078151035,0.10798542758699607
8176,0.6122579152101917,0.028354050496920757,0.35938803429288757
8177,0.13309764848691236,0.025724674812696906,0.8411776767003907
8178,0.6716637185001578,0.07838885259385944,0.24994742890598273
8179,0.5222000654088412,0.06013860420617033,0.4176613303849884
8180,0.7102690401446738,0.06220939654422173,0.22752156331110449
8181,0.12144199123945398,0.03009410538211683,0.8484639033784291
8182,0.9764475080559876,0.004084029878152695,0.019468462065859622
8183,0.36703572989840916,0.030538321295642375,0.6024259488059484
8184,0.8585615096802303,0.033004359979557654,0.10843413034021215
8185,0.9782628802834126,0.00867046177726825,0.013066657939319035
8186,0.8723808366601521,0.03813992244196815,0.08947924089787977
8187,0.27579907589504327,0.06161927177107843,0.6625816523338782
8188,0.8756423687657722,0.01081179471887674,0.11354583651535109
8189,0.1536832601130008,0.03331897126717043,0.8129977686198289
8190,0.12056237363444842,0.5704407225209357,0.30899690384461587
8191,0.9534855782810137,0.005356235141006627,0.041158186577979865
8192,0.9442627269886189,0.008996102203782462,0.046741170807598716
8193,0.8789247073459003,0.005669366345976816,0.11540592630812284
8194,0.9011295998548202,0.03592536339424666,0.0629450367509333
8195,0.926348068525629,0.0064209566731050416,0.06723097480126598
8196,0.788497236631304,0.00794089436010859,0.20356186900858747
8197,0.7172850773941191,0.006414943611582329,0.27629997899429853
8198,0.40929357653026427,0.05395544596479843,0.5367509775049373
8199,0.8554153803214306,0.018602756360661398,0.125981863317908
8200,0.9787507079882625,0.005754506335197248,0.015494785676540272
8201,0.04933657210246954,0.006933612404222706,0.9437298154933077
8202,0.23325203312465118,0.026577009970354903,0.740170956904994
8203,0.8157932650293547,0.007871410726126234,0.17633532424451914
8204,0.22132517555379244,0.03791654099642981,0.7407582834497777
8205,0.9112565202099554,0.004612938290442978,0.08413054149960172
8206,0.11519172181035016,0.017391046811327308,0.8674172313783225
8207,0.9503980339455321,0.00749212535946802,0.042109840694999914
8208,0.11151704480486878,0.03401772924965773,0.8544652259454735
8209,0.4242444267844345,0.04795745847102057,0.527798114744545
8210,0.8418997430144647,0.009380880349591305,0.14871937663594406
8211,0.2709021715139209,0.03566949555295121,0.6934283329331279
8212,0.9223737574973809,0.002925150242688559,0.0747010922599304
8213,0.8508601631572493,0.01833847870726365,0.13080135813548713
8214,0.011908563419795218,0.007032545932933437,0.9810588906472713
8215,0.8178774762876777,0.12086911805965042,0.06125340565267174
8216,0.8412652270069796,0.01026516977528825,0.14846960321773223
8217,0.6369048911187041,0.06863116842308964,0.2944639404582063
8218,0.04508726360969959,0.02381844796875149,0.9310942884215488
8219,0.9234804595245324,0.024302654966279223,0.05221688550918838
8220,0.9291538756020092,0.00952105194922795,0.061325072448762855
8221,0.36074489961045253,0.010800756605548596,0.6284543437839989
8222,0.30573129054219433,0.01659421735252741,0.6776744921052783
8223,0.6333304821050646,0.0879245248826354,0.27874499301230005
8224,0.47845886729471016,0.1184683338148129,0.40307279889047687
8225,0.09763990029510017,0.03339002384815333,0.8689700758567466
8226,0.005625634040616681,0.0013622167817137088,0.9930121491776696
8227,0.9710326072724054,0.007521374633609766,0.021446018093984828
8228,0.9599974210679103,0.0054182120756181016,0.03458436685647174
8229,0.13406865929740738,0.010027714020872222,0.8559036266817204
8230,0.5520899758670405,0.0425170094518754,0.4053930146810842
8231,0.7920387238058475,0.14002668525206818,0.06793459094208432
8232,0.44481834710179036,0.023194016793237564,0.5319876361049721
8233,0.07887189301893348,0.02411574549584832,0.8970123614852182
8234,0.9767565137949917,0.005255196577209662,0.017988289627798672
8235,0.30824632707690114,0.06646229589809419,0.6252913770250046
8236,0.21919872518951555,0.026511608838622965,0.7542896659718614
8237,0.8246150868623162,0.06841847650608049,0.10696643663160334
8238,0.4040720909122857,0.014923719129749389,0.5810041899579649
8239,0.03541200490041427,0.09624883831508087,0.8683391567845049
8240,0.8747213159469431,0.025403041824799175,0.09987564222825787
8241,0.029126504904320234,0.006080130222188412,0.9647933648734913
8242,0.8240560332113458,0.009707373540590106,0.166236593248064
8243,0.6566929785995212,0.10623923357784823,0.2370677878226305
8244,0.9661386972504294,0.0020242515569810454,0.03183705119258943
8245,0.9379573185937999,0.011279314552730605,0.05076336685346945
8246,0.3631131668848763,0.033122566761418726,0.603764266353705
8247,0.9860945329622008,0.003006594223799777,0.010898872813999453
8248,0.9743628752866514,0.0020994851772223586,0.023537639536126163
8249,0.8966282696311935,0.009064530317585268,0.09430720005122128
8250,0.9314259927368554,0.016963305191652116,0.05161070207149251
8251,0.8323512789804745,0.004001661960077428,0.16364705905944812
8252,0.8421480100262412,0.018316440905099766,0.13953554906865911
8253,0.9227239437403723,0.007264095895787335,0.07001196036384032
8254,0.4890183328065335,0.016633576670751164,0.49434809052271533
8255,0.3549841355985411,0.15115128038058823,0.49386458402087063
8256,0.6693404559572288,0.08468159414713068,0.2459779498956405
8257,0.858237178068233,0.07053718252375889,0.0712256394080082
8258,0.011515626463382219,0.004076293120137821,0.98440808041648
8259,0.057928051800208415,0.03312632605932589,0.9089456221404657
8260,0.9404244027652071,0.005374354168476445,0.05420124306631634
8261,0.9065572371127126,0.01343692030531618,0.08000584258197127
8262,0.7091641186038958,0.01803691155167969,0.2727989698444245
8263,0.834082383608103,0.05823455207648663,0.10768306431541026
8264,0.9134801303629572,0.006322047144499286,0.08019782249254365
8265,0.681148808186552,0.03963384510306675,0.2792173467103813
8266,0.005328368138747252,0.0015884847508986812,0.9930831471103541
8267,0.9174877522140156,0.010003127400192982,0.07250912038579133
8268,0.8053485145623002,0.027386539532670576,0.16726494590502922
8269,0.8587330405435073,0.01985122666209566,0.1214157327943971
8270,0.5930125492711767,0.03658640843250529,0.37040104229631793
8271,0.8762297624017679,0.04990322506885243,0.07386701252937984
8272,0.9108302199781417,0.002434001233667086,0.08673577878819116
8273,0.8483661331624316,0.06647119541188387,0.08516267142568455
8274,0.7729155956926195,0.018312381241087142,0.20877202306629336
8275,0.16168803993427616,0.062007994376627996,0.7763039656890958
8276,0.36457371172864705,0.026841949023057685,0.6085843392482952
8277,0.9385367157982512,0.012863923298076493,0.04859936090367226
8278,0.8044968450003528,0.02109165902908886,0.17441149597055838
8279,0.9155084561650758,0.007804766262264605,0.07668677757265946
8280,0.023481658875454375,0.006425550687572641,0.9700927904369729
8281,0.6025774998183904,0.07791691065515,0.3195055895264595
8282,0.911919558533142,0.025117355327341818,0.0629630861395161
8283,0.8848978719465969,0.012714328630791678,0.10238779942261161
8284,0.9214840398987654,0.01167422386035044,0.06684173624088428
8285,0.08857080733408562,0.010800957091643667,0.9006282355742707
8286,0.9802934543054104,0.0021557185457851034,0.0175508271488046
8287,0.6912226993807135,0.01089592775444217,0.2978813728648444
8288,0.9628968533171869,0.004033193192305305,0.033069953490507946
8289,0.3308987805583708,0.03277127975308999,0.6363299396885392
8290,0.236312577311646,0.016344416567750788,0.7473430061206031
8291,0.23096534569541072,0.017994122376272865,0.7510405319283163
8292,0.7890667574895719,0.03375122724147505,0.17718201526895308
8293,0.9447045465641107,0.004332386412231586,0.05096306702365772
8294,0.8860389489131141,0.010487449465538819,0.10347360162134717
8295,0.9156726709021327,0.014008022370614676,0.07031930672725267
8296,0.6348208684664698,0.04798213580718138,0.3171969957263489
8297,0.7835991408547922,0.014896761452314073,0.20150409769289368
8298,0.9714474578391528,0.00698199982353365,0.021570542337313415
8299,0.8202078551551335,0.02329265336470833,0.1564994914801581
8300,0.7282188280421465,0.013260829910008357,0.258520342047845
8301,0.6082229281846265,0.04346044479654179,0.34831662701883165
8302,0.28717219988682763,0.08233165853966798,0.6304961415735043
8303,0.8994402358728237,0.003965960510975765,0.09659380361620057
8304,0.03823858214746686,0.017862659416129977,0.9438987584364031
8305,0.9364715556975792,0.013320716858540596,0.050207727443880024
8306,0.9543831752029925,0.0031070505841850784,0.0425097742128224
8307,0.011884151305038518,0.0048508558109484155,0.983264992884013
8308,0.7221755001847844,0.004210269627137749,0.2736142301880778
8309,0.07289881853404984,0.01769498774644864,0.9094061937195015
8310,0.8740787526119251,0.008838215008367387,0.11708303237970749
8311,0.8530972188063162,0.007353339122604789,0.13954944207107908
8312,0.9565018242060243,0.004888731810711266,0.03860944398326459
8313,0.963216569589778,0.007663196863570285,0.02912023354665179
8314,0.9386915747889378,0.005534904270323452,0.0557735209407386
8315,0.7966469718380642,0.11349390511768319,0.0898591230442526
8316,0.8810448301814656,0.022334150327877587,0.09662101949065681
8317,0.7141559486627683,0.06712876499685264,0.21871528634037893
8318,0.43890478889739465,0.06990388677271236,0.4911913243298929
8319,0.010894974776835438,0.011557091356873165,0.9775479338662915
8320,0.8488689640754237,0.01153212782427782,0.13959890810029849
8321,0.6989150309487341,0.00916932030127699,0.2919156487499889
8322,0.16221122738163288,0.025768321094061786,0.8120204515243054
8323,0.0031020729082758933,0.0018001394794570768,0.9950977876122671
8324,0.060857457489389984,0.0054753062763773135,0.9336672362342328
8325,0.9838975912701439,0.00480800517167002,0.011294403558186032
8326,0.9581181368253869,0.006502394974687994,0.03537946819992493
8327,0.9105557787495149,0.02153962178063339,0.06790459946985188
8328,0.011182673640391948,0.0041859708052105656,0.9846313555543974
8329,0.969322782354213,0.007500427806427012,0.023176789839359897
8330,0.43787952145213543,0.03374684641979606,0.5283736321280685
8331,0.901918116171966,0.013612423869796159,0.08446945995823779
8332,0.30392155758773765,0.09470587042172382,0.6013725719905386
8333,0.8755092291143064,0.009705327409631644,0.11478544347606207
8334,0.8949369033168589,0.006805615131953073,0.09825748155118796
8335,0.8962199082633485,0.011340102225480314,0.09243998951117126
8336,0.10488403199068261,0.011281874281408434,0.8838340937279089
8337,0.3845279668435259,0.009162302312495598,0.6063097308439785
8338,0.9490223249329168,0.007677013344082882,0.04330066172300031
8339,0.23097855754730753,0.17057698427607956,0.598444458176613
8340,0.9446015520941833,0.006838692751238061,0.048559755154578645
8341,0.8922461395764298,0.023865363650202906,0.0838884967733673
8342,0.9728867911451464,0.007506430850473789,0.019606778004379728
8343,0.7996922560531652,0.02008295522667851,0.18022478872015638
8344,0.038708581512857755,0.016200901185263576,0.9450905173018785
8345,0.9667953200350645,0.004610795298686142,0.02859388466624927
8346,0.39630448333480545,0.01136852283754199,0.5923269938276525
8347,0.45144571423476776,0.05945544603607226,0.48909883972916
8348,0.14860737081353292,0.03819331043402367,0.8131993187524433
8349,0.9440217756455844,0.006215667242277414,0.049762557112138145
8350,0.6888208766864551,0.021637858001767624,0.2895412653117772
8351,0.7416281990390964,0.01039569207055627,0.24797610889034724
8352,0.8896653638606548,0.006215282699420741,0.10411935343992469
8353,0.018741780330476163,0.004309713442602036,0.9769485062269219
8354,0.03238643118277481,0.024465233747154546,0.9431483350700707
8355,0.9608328730273691,0.002789269206088148,0.0363778577665429
8356,0.8548330364084656,0.0096348660921957,0.1355320974993388
8357,0.03720784014405331,0.004545723628768892,0.9582464362271778
8358,0.037865586252282875,0.04531440861965675,0.9168200051280603
8359,0.9319221619165156,0.009059186438315471,0.05901865164516902
8360,0.7434627492528026,0.01349321403330788,0.24304403671388944
8361,0.36546564840097073,0.013668411627355223,0.620865939971674
8362,0.768243638667013,0.04417389996587306,0.18758246136711393
8363,0.31328133985447504,0.006972224119696463,0.6797464360258284
8364,0.9279613411832662,0.021761286567085425,0.05027737224964839
8365,0.8799021048687328,0.012448261324289967,0.10764963380697719
8366,0.4476236022379646,0.018524500326479468,0.5338518974355559
8367,0.8200865749782579,0.013338343876581962,0.16657508114516012
8368,0.8980105295980072,0.0138672601390679,0.08812221026292487
8369,0.6081573232048381,0.0227918011794443,0.36905087561571764
8370,0.810421342611312,0.014824628239709679,0.1747540291489783
8371,0.7799071687849295,0.037326297334867066,0.18276653388020345
8372,0.0037274760857399867,0.0019724199732647817,0.9943001039409953
8373,0.05458203591522048,0.02178881247311654,0.923629151611663
8374,0.3641429853371133,0.015269733863334998,0.6205872807995517
8375,0.9673690400149487,0.005254395210009075,0.02737656477504213
8376,0.10005909878573283,0.015084805354222745,0.8848560958600444
8377,0.6912054732882088,0.08782263621892031,0.2209718904928709
8378,0.9130170919988322,0.01479358978456596,0.07218931821660163
8379,0.939217511602073,0.011002684865228166,0.04977980353269883
8380,0.6672634616916345,0.013279739348303104,0.3194567989600623
8381,0.9509568556041555,0.009581897659139992,0.03946124673670436
8382,0.8801324095718497,0.005506024456538817,0.11436156597161144
8383,0.9409627110183856,0.007376159403744379,0.05166112957787002
8384,0.9022236115719067,0.016969566788899604,0.08080682163919368
8385,0.04675572921063664,0.038598342988847824,0.9146459278005155
8386,0.46197574816276193,0.03552629493598854,0.5024979569012495
8387,0.9655180109371109,0.003760373047848429,0.03072161601504079
8388,0.6478603971149276,0.01078409149668084,0.3413555113883916
8389,0.6545178601855468,0.04356122121649623,0.30192091859795694
8390,0.052471409815740194,0.01160350365408452,0.9359250865301753
8391,0.736596326212065,0.020924600103914854,0.24247907368402022
8392,0.8933535746821059,0.01952987585988923,0.08711654945800489
8393,0.9316045554032214,0.008104423262442118,0.060291021334336455
8394,0.2704501281152086,0.015356581782166437,0.714193290102625
8395,0.20677770728259803,0.07524456389443139,0.7179777288229706
8396,0.7392057592670496,0.03685077500582132,0.22394346572712912
8397,0.942999507147256,0.005831770168119198,0.05116872268462471
8398,0.9510604507844496,0.004902126056894895,0.04403742315865555
8399,0.8985926843542337,0.026948122979472577,0.07445919266629362
8400,0.005578944664525573,0.005539354972074122,0.9888817003634004
8401,0.2947494689102591,0.1349138584403496,0.5703366726493914
8402,0.2686961090005272,0.057881816340868156,0.6734220746586046
8403,0.06171702840530128,0.03787469842526294,0.9004082731694358
8404,0.7612342082046101,0.01285482001057729,0.22591097178481254
8405,0.04567994679321833,0.008140193828817623,0.946179859377964
8406,0.8701947574840537,0.005206516979554623,0.12459872553639183
8407,0.8379403498269908,0.009112156861380243,0.15294749331162885
8408,0.890546193029768,0.006882932065737367,0.10257087490449474
8409,0.043903509003875546,0.006486782160566537,0.949609708835558
8410,0.29157145560662456,0.1449516765025975,0.563476867890778
8411,0.6438220365112279,0.053999714354899586,0.3021782491338725
8412,0.020226617291073536,0.0065919921821789625,0.9731813905267475
8413,0.009876341765919623,0.010728343807897145,0.9793953144261832
8414,0.8401811868248297,0.009315941680067021,0.1505028714951034
8415,0.683118727356249,0.036435937153475595,0.2804453354902755
8416,0.8580928092948255,0.008698982084389621,0.13320820862078492
8417,0.5663740128582448,0.012979020779985622,0.42064696636176957
8418,0.8292981044617966,0.025244413073034107,0.1454574824651693
8419,0.03486651769153093,0.015394363484975738,0.9497391188234933
8420,0.6802144131819271,0.01138801225885111,0.3083975745592217
8421,0.09101375517617157,0.02389821995686442,0.8850880248669639
8422,0.9549660617011098,0.006576776816240652,0.03845716148264952
8423,0.9238006171873562,0.013289888948696827,0.06290949386394717
8424,0.5382200824516693,0.05103077361329634,0.4107491439350343
8425,0.7122565021692979,0.05138145156890162,0.23636204626180052
8426,0.051949662119933585,0.0428167821424003,0.9052335557376662
8427,0.47919001335481787,0.09029591222355696,0.43051407442162526
8428,0.982899143675623,0.0025585228128311814,0.014542333511545782
8429,0.9439284807177427,0.008403845526171376,0.04766767375608596
8430,0.9145953444274767,0.022597525568895997,0.06280713000362727
8431,0.08186094280362864,0.009587331487254198,0.9085517257091171
8432,0.6478859439328459,0.06537592541115207,0.286738130656002
8433,0.7755546192536744,0.07084962656520151,0.15359575418112398
8434,0.0059538145288340946,0.01707024976600453,0.9769759357051614
8435,0.8734511353528553,0.008481857302156906,0.11806700734498769
8436,0.6147754616966851,0.027815406898587112,0.3574091314047278
8437,0.03036963591531299,0.013839569764208004,0.9557907943204791
8438,0.914534014242573,0.02814018543533154,0.05732580032209549
8439,0.43165885047762614,0.08472371283943236,0.48361743668294155
8440,0.7952514112363581,0.08393228223609372,0.120816306527548
8441,0.4614696425409737,0.008723206625651151,0.5298071508333752
8442,0.8953446550113853,0.008476870506544948,0.09617847448206977
8443,0.9217482291764967,0.007601880757786716,0.07064989006571662
8444,0.7728889684730135,0.08486344934113316,0.14224758218585337
8445,0.9680029391575019,0.017288477991683517,0.014708582850814623
8446,0.5931461057438894,0.01528207728748018,0.39157181696863047
8447,0.08463856734968257,0.03032550288260001,0.8850359297677174
8448,0.874871845168003,0.005263077045761485,0.1198650777862356
8449,0.23658526894345377,0.13554009767615163,0.6278746333803946
8450,0.49486155891468026,0.08814212356761168,0.41699631751770805
8451,0.9346800954199777,0.007226265333575367,0.05809363924644688
8452,0.9711782714810538,0.004213655094872873,0.024608073424073167
8453,0.7631653264283341,0.03545049279017124,0.20138418078149464
8454,0.38245645429958797,0.03286977380372802,0.5846737718966839
8455,0.2930722076857882,0.009806501191647695,0.697121291122564
8456,0.5497138060480079,0.03048288476252614,0.419803309189466
8457,0.9529358862625907,0.004101619378624774,0.04296249435878464
8458,0.6308501004122546,0.10780603245642406,0.2613438671313213
8459,0.9259008698750195,0.009808182795183504,0.06429094732979684
8460,0.9227938084240511,0.015324310494573114,0.06188188108137598
8461,0.059403733799058264,0.025943825183033887,0.9146524410179078
8462,0.9322164046578189,0.017464090067789657,0.05031950527439155
8463,0.4651502511412055,0.01544911467948831,0.5194006341793063
8464,0.8170922232049017,0.03647243020966888,0.1464353465854293
8465,0.27941674742587047,0.010501052015463273,0.7100822005586662
8466,0.7954053528241677,0.03871035979457637,0.16588428738125593
8467,0.9289520386254154,0.00876195277623125,0.062286008598353294
8468,0.22498539909790966,0.03270769716876547,0.742306903733325
8469,0.10311663386077458,0.039355225920454644,0.8575281402187708
8470,0.7784342154661429,0.03175214756502427,0.18981363696883286
8471,0.8289363618197232,0.010851850676794944,0.16021178750348192
8472,0.7606721631332386,0.023065592231654435,0.21626224463510696
8473,0.9370962503822455,0.016623445701759547,0.04628030391599481
8474,0.8073261731049779,0.03356854776439682,0.15910527913062525
8475,0.11775782544518436,0.027381165808330405,0.8548610087464852
8476,0.901910004713851,0.011653594876277592,0.08643640040987151
8477,0.3981692749597023,0.10864660432002414,0.49318412072027357
8478,0.9154439039939776,0.017687635353514253,0.0668684606525083
8479,0.8482565047466288,0.018001643170471593,0.13374185208289963
8480,0.8674264442497709,0.011400644614830905,0.12117291113539826
8481,0.9715657851862918,0.013541276781037285,0.014892938032670926
8482,0.3301673825761797,0.02351941424709215,0.6463132031767281
8483,0.048271933557732814,0.013343893458886848,0.9383841729833804
8484,0.8585663140865339,0.014183986101715094,0.12724969981175094
8485,0.9615587133766077,0.0067252393473707164,0.03171604727602169
8486,0.12357164793872369,0.01373024761191106,0.8626981044493652
8487,0.6151372811538655,0.03966259664707706,0.34520012219905744
8488,0.9594517036617078,0.009356803995285424,0.031191492343006715
8489,0.7475185138719515,0.025565328000523573,0.22691615812752505
8490,0.08465040715539361,0.03955561036606087,0.8757939824785456
8491,0.11631710886529602,0.016756434189833514,0.8669264569448705
8492,0.8781610324346872,0.016893038790820034,0.10494592877449256
8493,0.8841460749041404,0.0068379447630273656,0.10901598033283214
8494,0.8233396368042833,0.00842579939569451,0.16823456380002227
8495,0.9397937758182767,0.02013415138031435,0.0400720728014089
8496,0.8728928325971684,0.0326048567329479,0.09450231066988353
8497,0.9580178963064944,0.009113535707893049,0.03286856798561259
8498,0.08788581683435084,0.01990043063022647,0.8922137525354227
8499,0.949486228213967,0.01031907551459912,0.04019469627143403
8500,0.8107522102235044,0.032869985628649706,0.1563778041478459
8501,0.8063346086883874,0.015067602838290318,0.1785977884733222
8502,0.07359555811603133,0.007837506837653588,0.9185669350463151
8503,0.7169160384432526,0.03710586525779904,0.24597809629894835
8504,0.0708095765778319,0.008665784783526833,0.9205246386386413
8505,0.9607594740981726,0.0035867697045614314,0.03565375619726612
8506,0.963402824362984,0.0025284174114988908,0.03406875822551718
8507,0.7752375187793464,0.010252036296670704,0.21451044492398283
8508,0.8981581340808531,0.007764425230540218,0.09407744068860678
8509,0.9366774304178704,0.006853536093295629,0.05646903348883399
8510,0.47858546841970434,0.06400990601178926,0.4574046255685063
8511,0.8723851694726784,0.027044390575966578,0.10057043995135483
8512,0.05907672949274969,0.010088134623667488,0.9308351358835829
8513,0.5779347957470808,0.07798509986808107,0.34408010438483805
8514,0.06413277346488043,0.016267975899771286,0.9195992506353483
8515,0.7425849352592991,0.007505909750210078,0.24990915499049085
8516,0.13986496579734697,0.06394364291396372,0.7961913912886893
8517,0.5792349087511732,0.030332264255180093,0.3904328269936467
8518,0.3601823366038959,0.2545423111386654,0.38527535225743864
8519,0.16823517577377073,0.04241427255864248,0.7893505516675868
8520,0.9019945211729199,0.018834711771576116,0.07917076705550385
8521,0.9612965616011971,0.00442779117007701,0.03427564722872585
8522,0.7053979057223934,0.08370961781819827,0.21089247645940842
8523,0.024025036201979988,0.004810534464474878,0.9711644293335452
8524,0.9737441719539125,0.012172939760071753,0.014082888286015574
